# Created by Octave 4.4.1, Sun Feb 10 13:58:44 2019 GMT <unknown@DESKTOP-HTNDA66>
# name: v
# type: matrix
# rows: 5
# columns: 1
 2200
 4400
 2300
 3000
 4500


